00000000000000000000000000000
00000000000000000000000000000
00000000000000000000000000000
00000000000000000000000000000
00000000000000000000000000000
00000000000000000000000002000
00000000000000200000000002000
00000000000000200222000002000
0000000000000000000000000000000000000000000000000000000000000000000000000000000000000000000000000000000000000000000000000000004
0000000000000000000000000000000000000000000000000000000000000000000000000000000000000000000000000000000000000000000000000000004
0000000000000000000000000000000000002002002000000000000000000000000000000000000000000300300030000020000000000000000200000000004
0000000000000000000000000000000002000000000000000000002000000000000200000000000000000200200020000000000000000000020000000000004
0000000000000000000000000000023333333333333300000220002000003000002222030003300033000000000000000300000233220023333333000000004 
11111111111111111111111111111111111111111111111111111111111111111111111111111111111111111111111111111111111111111111111111111111
